bear 82 (1080,1920,3) 00000
bike-packing 69 (2026,3840,3) 00000
blackswan 50 (1080,1920,3) 00000
bmx-bumps 90 (1080,1920,3) 00000
bmx-trees 80 (1080,1920,3) 00000
boat 75 (900,1600,3) 00000
boxing-fisheye 87 (2160,3840,3) 00000
breakdance 84 (1080,1920,3) 00000
breakdance-flare 71 (1080,1920,3) 00000
bus 80 (1080,1920,3) 00000
camel 90 (1080,1920,3) 00000
car-roundabout 75 (1080,1920,3) 00000
car-shadow 40 (1080,1920,3) 00000
car-turn 80 (1080,1920,3) 00000
cat-girl 89 (2160,4096,3) 00000
classic-car 63 (2160,3840,3) 00000
color-run 84 (720,1280,3) 00000
cows 104 (1080,1920,3) 00000
crossing 52 (1440,2560,3) 00000
dance-jump 60 (1080,1920,3) 00000
dance-twirl 90 (1080,1920,3) 00000
dancing 62 (1080,1920,3) 00000
disc-jockey 76 (1620,3840,3) 00000
dog 60 (1080,1920,3) 00000
dog-agility 25 (1080,1920,3) 00000
dog-gooses 86 (2160,3840,3) 00000
dogs-jump 66 (2160,3840,3) 00000
dogs-scale 83 (2160,3840,3) 00000
drift-chicane 52 (1080,1920,3) 00000
drift-straight 50 (1080,1920,3) 00000
drift-turn 64 (1080,1920,3) 00000
drone 91 (2160,3840,3) 00000
elephant 80 (1080,1920,3) 00000
flamingo 80 (1080,1920,3) 00000
goat 90 (1080,1920,3) 00000
gold-fish 78 (2160,3840,3) 00000
hike 80 (1080,1920,3) 00000
hockey 75 (1080,1920,3) 00000
horsejump-high 50 (1080,1920,3) 00000
horsejump-low 60 (1080,1920,3) 00000
india 81 (720,1280,3) 00000
judo 34 (2160,3840,3) 00000
kid-football 68 (2160,3840,3) 00000
kite-surf 50 (1080,1920,3) 00000
kite-walk 80 (900,1600,3) 00000
koala 100 (1080,1920,3) 00000
lab-coat 47 (2160,3840,3) 00000
lady-running 65 (1080,1920,3) 00000
libby 49 (1080,1920,3) 00000
lindy-hop 73 (2160,3840,3) 00000
loading 50 (2160,3840,3) 00000
longboard 52 (720,1280,3) 00000
lucia 70 (1080,1920,3) 00000
mallard-fly 70 (1080,1920,3) 00000
mallard-water 80 (1080,1920,3) 00000
mbike-trick 79 (1440,2560,3) 00000
miami-surf 70 (1080,1920,3) 00000
motocross-bumps 60 (1080,1920,3) 00000
motocross-jump 40 (1080,1920,3) 00000
motorbike 43 (900,1600,3) 00000
night-race 46 (2160,3840,3) 00000
paragliding 70 (1080,1920,3) 00000
paragliding-launch 80 (1080,1920,3) 00000
parkour 100 (1080,1920,3) 00000
pigs 79 (1080,1920,3) 00000
planes-water 38 (1080,1920,3) 00000
rallye 50 (1080,1920,3) 00000
rhino 90 (1080,1920,3) 00000
rollerblade 35 (1080,1920,3) 00000
schoolgirls 80 (2160,3840,3) 00000
scooter-black 43 (1080,1920,3) 00000
scooter-board 91 (2160,3840,3) 00000
scooter-gray 75 (1080,1920,3) 00000
sheep 68 (1080,1920,3) 00000
shooting 40 (800,1920,3) 00000
skate-park 80 (2160,3840,3) 00000
snowboard 66 (1080,1920,3) 00000
soapbox 99 (1080,1920,3) 00000
soccerball 48 (900,1600,3) 00000
stroller 91 (1080,1920,3) 00000
stunt 71 (2160,3840,3) 00000
surf 55 (1080,1920,3) 00000
swing 60 (1080,1920,3) 00000
tennis 70 (1080,1920,3) 00000
tractor-sand 76 (1080,1920,3) 00000
train 80 (1080,1920,3) 00000
tuk-tuk 59 (2160,3840,3) 00000
upside-down 65 (1440,2560,3) 00000
varanus-cage 67 (2160,3840,3) 00000
walking 72 (2160,3840,3) 00000
